DateTime,Entries,UniqueIPs
1454107840,90,90
1455589209,78,78
1456199052,96,96
1456721767,97,97
1458028601,111,111
1458900020,120,120
1458987138,131,131
1459423016,111,111
1459771452,109,109
1460643408,85,85
1460730495,99,99
1460991850,102,102
1461521780,109,109
1462220893,94,94
1462569370,122,122
1464398906,151,151
1465705727,127,127
1466489794,85,85
1467012495,89,89
1467448100,87,87
1472327064,82,82
1472762654,86,86
1473285391,88,88
1473372499,82,82
1474156575,77,77
1475463653,63,63
1476509049,80,80
1476596192,84,84
1476770457,81,81
1477728751,89,89
1478251473,90,90
1478425699,80,80
1479123154,76,76
1479384517,76,76
1480342825,73,73
1480604178,74,74
1481389713,65,65
1481564182,69,69
1482261397,71,71
1482348507,74,74
1483394510,72,72
1484091635,78,78
1484178743,68,68
1484352998,82,82
1484614372,88,88
1484789072,94,94
1484963292,93,93
1485050482,125,125
1485137808,127,127
1485224893,128,128
1485312037,128,128
1485573633,124,124
1485747859,125,125
1486009245,107,107
1486531936,112,112
1486706171,111,111
1486880440,112,112
1487316017,113,113
1487751653,116,116
1488100089,107,107
1488622818,92,92
1489058410,95,95
1489232660,100,100
1489406896,96,96
1489668260,105,105
1489843006,109,109
1490104336,123,123
1490191717,128,128
1490278815,140,140
1490365962,142,142
1490453045,143,143
1490540183,149,149
1490714423,159,159
1490801536,167,167
1490888650,169,169
1490975910,180,180
1491150268,189,189
1491237375,194,194
1491324505,197,197
1491411717,205,205
1491498741,207,207
1491585849,209,209
1491760094,214,214
1492283065,216,216
1492457302,227,227
1492892908,229,229
1492980029,232,232
1493067156,219,219
1493241416,222,222
1493328538,225,225
1493938611,251,251
1494113305,254,254
1494287547,244,244
1494374669,245,245
1494461788,253,253
1494548905,255,255
1494723131,257,257
1494984742,261,261
1495158980,270,270
1495594569,278,278
1496729072,190,190
1496816177,194,194
1496990676,197,197
1497077775,200,200
1497252027,201,201
1498646665,208,208
1499169376,218,218
1499256525,110,110
1499517860,116,116
1499692106,120,120
1499869710,131,131
1500043928,138,138
1500131061,144,144
1500741150,121,121
1500828263,124,124
1500915403,126,126
1501002498,127,127
1501089618,130,130
1501176756,157,157
1501264115,164,164
1501612846,165,165
1501787307,164,164
1502310996,168,168
1502485327,169,169
1503618506,116,116
1503880092,118,118
1504054339,137,137
1504228572,144,144
1504402817,147,147
1504577050,150,150
1504751298,159,159
1504925530,162,162
1505187143,169,169
1505361634,174,174
1505448743,183,183
1505535852,185,185
1505797455,190,190
1505884823,131,131
1506059056,135,135
1506407536,133,133
1506582030,135,135
1506669140,160,160
1506843378,173,173
1507017627,174,174
1507104739,191,191
1508150909,199,199
1508412249,200,200
1508760733,203,203
1508934974,207,207
1509022344,234,234
1509196829,240,240
1509458208,251,251
1509545293,256,256
1509806645,262,262
1510242739,277,277
1510330111,282,282
1510417226,285,285
1510591449,288,288
1510678565,356,356
1510765699,387,387
1510852821,408,408
1510939930,416,416
1511027070,316,316
1511288409,328,328
1511377005,340,340
1511464083,342,342
1511551207,359,359
1511638355,364,364
1511812829,303,303
1511899929,313,313
1511987056,321,321
1512074172,322,322
1512161283,335,335
1512335545,341,341
1512422897,363,363
1512602504,324,324
1512777145,325,325
1512864264,328,328
1513038492,337,337
1513125628,373,373
1513212729,396,396
1513300105,402,402
1513387477,412,412
1513474581,415,415
1513649296,422,422
1513736650,452,452
1513823770,458,458
1513911389,524,524
1513998492,542,542
1514085618,544,544
1514608588,497,497
1514695964,502,502
1514783070,505,505
1514957571,536,536
1515045147,549,549
1515132499,558,558
1515219853,568,568
1515306990,569,569
1515394347,573,573
1515481454,579,579
1515568823,589,589
1515655949,594,594
1515743309,597,597
1515830671,539,539
1515918011,550,550
1516005145,551,551
1516092252,552,552
1516179629,568,568
1516266989,502,502
1516354092,504,504
1516528589,509,509
1516877534,515,515
1516964651,516,516
1517051774,527,527
1517226257,528,528
1517313364,531,531
1517400516,533,533
1517487872,535,535
1517923934,540,540
1518098173,541,541
1518185543,594,594
1518272653,438,438
1518621150,440,440
1518795619,464,464
